from C:
C: 1, 2, 3, 4, 5, 6, and 7
C: 1, 2, 3, 4, 5, 6, 7, and 8
C: 1, 2, 3, 4, 5, 6, 7, 8, and 9
C: 1, 2, 3, 4, 5, 6, 7, 8, 9, and 10
from C:
J: 1, 2, 3, 4, 5, 6, and 7
J: 1, 2, 3, 4, 5, 6, 7, and 8
J: 1, 2, 3, 4, 5, 6, 7, 8, and 9
J: 1, 2, 3, 4, 5, 6, 7, 8, 9, and 10
from Johann:
J: 1, 2, 3, 4, 5, 6, and 7
J: 1, 2, 3, 4, 5, 6, 7, and 8
J: 1, 2, 3, 4, 5, 6, 7, 8, and 9
J: 1, 2, 3, 4, 5, 6, 7, 8, 9, and 10
from Johann:
C: 1, 2, 3, 4, 5, 6, and 7
C: 1, 2, 3, 4, 5, 6, 7, and 8
C: 1, 2, 3, 4, 5, 6, 7, 8, and 9
C: 1, 2, 3, 4, 5, 6, 7, 8, 9, and 10
